0.8,Start,2
1
1.5
1.9
3
3.5
3.9
5
5.3
5.8
6
7
7.3
7.5
7.8
9
9,HighLight,1 
9.5
10
11
11.5
12
13
13.5
14
15.3
15.6
16
16.3
17
17.5
18
19
19.5
20
21
21.5
22
23.2
23.5
25
27
28
29
29.2
30
31
31.5
32
32.4
33
33.8
35
35.6
36
36.7
37
37.3
38
38.5
39.2
40
40.3
41,HighLight,0
41.5
41.8
42.2
42.7
43.3
43.8
44
45
47
47.6
49
49.2
49.5
49.8
51
52
53
53.2
53.5
55
56
56.2
56.5
57
57.8
58.1
58.5
58.8
61
61.3
61.8
62
62.5
62.8
65
65.3
65.8
66
66.5
66.8
69
69.3
69.8
70
70.3
70.5
70.8
71.5
73
73.2
73.8
74
75
75.4
75.8
76
77
77,HighLight,1 
78.9
79.2
79.8
80.2
81.2
82.9
83.2
83.8
84.2
85
87
89
93
94.9
95.2
95.8
96.2
97.2
98.8
99.2
99.7
100.2
101 
104
105
109.7
109.7,HighLight,0
115,End

