0.7,Start,0
1
1.5
2
2.5
3
3.5
4
5
5.5
6
6.5
7
7.5
8
9
9.5
10
10.5
11
11.5
12
13
13.5
14
14.5
15
15.5
16
17
17,HighLight,1
18
19
19.5
20
21
22
23
23.5
24
25
26
27
27.5
28
28.5
29 
30
31
31.5
32
33
33,HighLight,2
34
35
36
37
38
40
41
42
43
44
45
46
47
48
49
49,HighLight,3
50
50.5
51
52
52.5
53.5
54
54.5
55
56
57
58
58.5
59
61.2
61.7
62.2
62.7
63.2
63.7
64.7
65.2
65.6
66.2
67.2
67.7
68.2
69.2
69.7
70.2
70.7
71.2
72.2
72.7
73.2
74.2
74.7
75.2
76
76.7
77.7
78.7
79.2
79.7
80.3
80.9
81.3,HighLight,1   
81.5
82
82.5
83
83.5
84
85
85.5
86
86.5
87
87.5
88
89
89.5
90
90.5
91
91.5
92
93
93.5
94
94.5
95
95.5
96
96,HighLight,0
97,End
