5
12
13
20
21
28
29
34
36
37
39
41
42
43
43.5
46
47
48
49
50
51
52
52,SpeedUp,10
55
56
57.5
59
65
66
67
69 
70
71
77
78
79
81
81.5
82
82.5
83
85
85.8
86.5
89
89.8
90.5
93
95
97
98
99
101
101.8
102.5
105
105.8
106.5
109,SpeedDown,10
111
112
113
113.7
114.4
115
117
119
121
123
125
127
129
130
131
132
133
134
135
136
137
138
139
140
141
142
143
144
145
146
147
148
149  
150 
151 
152 
152.3 
153 
153.7 
154.4 
155 
157
158
161 
162 
162.5 
163 
165
167 
168 
169   
170 
170.5 
172
173  
175 
176 
176.5 
177 
178 
178.5 
179 
181 
182
183
184 
184.5
185 
186 
187 
191 
193 
195 
196 
197 
203
204
205
207
208
209
211
212
213
215
216
217
218
218.5