0.21,Start,0
8.5
10.5
14.5
18.4
19.4
22.5 
23.5
26.5 
30.5
34.4
35.4
38.4
39.4
40.5
40.5,SpeedUp,1
40.5,HighLight,1
42.5
46.5
50.5
51.5
54.5
55.5
58.5
62.5
66.5
67.5
70.5
71.5
72.5
72.5,HighLight,2
72.5,SpeedUp,1
74.5
78.5
82.5
83.5
86.5
87.5
90.5
94.5
98.5
99.5
102.5
103.5
104.5
105.5
108
108.5
111.5
116
116.5
120
121
122
123
124
125
126
127
127.5
128
129.5
132.5
133
136.5
136.5,SpeedUp,1
138.5
142.5
146.5
147.5
150.5
151.5
154.5 
158.5
162.5
163.5
166.5
167.5
169
169,SpeedUp,2
169,HighLight,3 
171
172
175
179
180
183
184
187
189
191
195
196
199
200
201
203
207
211
212
215
216
219
223
227
228
231
232
235
239
248
249
252
253
254,HighLight,0