3
5
7
9
11.4
11.7   
12.4
12.7 
13.4
13.7 
14
14.3
14.8
15.5
16.5
18,SpeedUp,4
19
20
20.5
21
22
22.5
23
24
24.5
25
26
26.5
27
28
29
30
31
32
32.5
33
33.4
33.9
34.1
34.5
35.6
36.6
37.6
38
38.3
38.6
39,SpeedUp,4
42
42.4
42.5
42.7
43
43.2
44
44.2
45
45.2
46
46.2 
47
48
49
50
51
51.2
52
52.2
53
53.2
54
54.2
55
55,SpeedUp,3
56
57
58
59
59.3
59.8
60
61
61.7
62
63
64
65
65.3
65.8
66
66.4
67
67.4
68
68.3
69
69.4
70
70.3
71
71.4
72
72.3
73
74
75
76
76.5
77
78
78.5
79
79.2
80
80.6
81
81.5
82
82.6
83
83.2
84
85
85.2
86
87
87.2
87.7
88.7
89
90
91
91.4
92
92.3
93
93.4
94
94.3
95
95.4
96
96.3
97
97.3
97.6
98
98.4
99
99.4
100
100.3
101
101.2
101.5
102
102.3
103
103.3
104
104.3
106
107
108
109