0.04,Start,0
1
2.5
5
6.5
9
10.5
13
13.5
14
14.5
15
17
17,HighLight,1
18.5
20 
22.5
23
23.5
24
24.5
28
29.5
30
31
31.5
32
32.5
36
37.5
38.5
39
39.5
40
40.5
44
45
47
49,SpeedUp,2
49
50
51
53
54
54.5
55
56
58
60.5
63
65
67
69
71
73
75
77
79
81,HighLight,0
81
85
89
93
97
101
105
109
113
114
115
116
117
117,HighLight,3
118.5
120
121.5
122.5
123
123.5
124
126.5
128
129.5
130
130.5
131
134.5
136
137.5
138.5
139
139.5
140 
142.5
144
150.5
151.5
152
152.5
154 
155
155.5
156.5
157.5
158.5
159.5
160.5
162
163
163.5
164.5
165.5
166.5
167.5
170
171
172.5
173.5
174.5
175.5
176.5
177.5
178
179
179.5
180.5
181.5
186 
188
190
192
194
196
198
200
202
204
206
208
210
212
214
216
218
218,HighLight,3
225,End