0.8,Start,0
1
2
3
4
5
6
7
8
9
10
11
12
13
14
15
17
17,HighLight,1
17.3
17.9
18.3
18.9
19.3
19.9
20.3
20.9
21.3
21.9
22.3
22.9
23.3
23.9
24.3
24.9
25.3
25.9
26.3
26.9
27.3
27.9
28.3
28.3,HighLight,3
29
30
31
31.5,HighLight,2 
32
32.8
32.8,SpeedUp,2
33.2
33.8
34.2
34.8
35.2
35.8
36.2
37
38
39
40
40.8
41.2
41.8
42.2
42.8
43.2
43.8
44.2
45
46
46.8
47.1
47.8
48.1
49
49,HighLight,3
50
51,HighLight,2
51.8
52.2
52.8
53.2
53.8
54.2
54.8
55.2
55.8
56.2
56.8
57.2
57.8
58.2
58.8
59.2
59.8
60.2
61
62
63
63,HighLight,0
66,End