0.5,Start,0
3
4.5
7
8.5
11
12.5
15
16.5
19
20.6
21.6
23
24.7
25
26
27.1
31
32
33
35
36.8
39.2
41.2
43.2
47
49
50
51.3
53
54 
55
55.2
56.8
57.2
58.5
59.5
61
63
65
67.5
71.3
73.3
75.3
79.5
81.5
83.5
85.5
87.5
89.5
91.5
93.5
94.5
95.5
99.8
99.8,HighLight,1
100.3
101.3
102.2
103.2
104.2
105.2
106.2
106.8
107.2
108.2
109.2
110.2
111.2
112.2
113.2
114.2
114.9
115.2
116.2
117.2
118.2
119.2
120.2
121.2
122.2
123.2
124.2
125.2
126.2
127.2
128.2
129.2
130.2
130.9
131.2
132,HighLight,0
134
135
135.5
136
139
142.5
143
143.5
144
148
150.5
151
151.5
152
153.7
154.2 
154.8
155.8
156.2
158.2
160.2
162
164
165.8
168
169.8
172
173.8
175.8
176.2
178
179.2
180.2
181.2
182 
183.2
184 
186
187.2
188.3
192.3
193
193.8
194.3
196.3
197
198
200.3
202.3
204.4
212.4
213
213.4
214
215
216
218
218.5
219.5
220.5
222.9
224.6
226
230
234
237
242
248,End