0.6,Start,0
1
1.5
5 
6.3
9
9.8
10.3
13.5
13.5,HighLight,1
14
14.5
17
18
18.5
19
20
21.5
22
22.5
25
26
26.5
27
29.5
30
30.5
33
37.5
38
38.5
41
45 
45,HighLight,0
45.5
46
47
48
49
49.5
50
51
52
53
53.5
54
55
56
57
57.5
58
59
60
61
61.5
62
63
64
65
65.5
66
67
68
69
69.5
70
71
72
73
73.5
74
75
76
79
79.5
80
82.5
83
83.5
84
85
85.5
86
92
92.5
93
96
96.5
97
100
100.5
101
102
102.5
103
104
105
106
106,HighLight,1
108
109
109.5
110.5
111
112
112.5
114
116
117
117.5
118.5
120
120.5
122
124
125
125.5
126.5
127
128
130
130.6
131.3
132.4
133
133.5
134
136
138.5
139
142
144.5
145
146.5
147
150
151.5
152 
154.5
155
158
158.5
159
159.5
160
162.5
163
166
167.5
168
170,HighLight,0
170
170.5
172
173
174
174.5
176
177
178
178.5
180
181
182
182.5
184
184.5
185
185.5
192,End